20260811000100
20260811000200
20260811000300
20260811000400
20260811000500
20260811000600
20260811000700
20260811000800
20260811000900
20260811001000
20260811001100
20260811001200
20260811001300
20260811001400
20260811001500
20260811001600
20260811001700
20260811001800
20260811001900
20260811002000
20260812000100
20260814000100
20260814000200
20260814000300
20260814000400
20260814000500
20260814000600
20260814000700
20260814000800
20260814000900
20260814001000
20260814001100
20260814001200
20260814001300
20260814001400
20260814001500
20260814001600
20260814001700
20260814001800
20260814001900
20260814002000
20260814002100
20260814002200
20260814002300
20260814002400
20260814002500
20260814002550
20260814002600
20260814002700
20260814002800
20260814002900
20260814003000
20260815000100
20260815000200
20260816000100
20260816000200
20260816000300
20260816000400
20260816000500
20260816000600
20260816000700
20260817000100
20260817000200
20260817000300
20260819000100
20260822000100
20260822000200
20260826000100
20260826000200
20260826000300
20260826000400
20260826000500
20260826000600
20260826000700
20260826000800
20260827000100
20260827000200
20260827000300
20260827000400
20260901000100
20260902000100
20260902000200
20260902000300
20260902000400
20260902000500
20260902000600
20260902000700
20260902000800
20260910000100
20260911000100
20260911000200
20260914000100
20260914000200
20260918000100
20260920000100
20260923000100
20260923000200
20260923000300
20260923100100
20260924000100
20260924000200
20260924000300
20260924000400
20260924001000
20260924001100
20260925010000
20260925011000
20260925012000
20260925013000
20260925020000
20260925030000
20260925030100
20260925030200
20260925030300
20260925040000
20260925045000
20260925064100
20260925064200
20260925070000
20260925071000
20260925090000
20260925100000
20260925114000
20260925121500
20260925121600
20260925130000
20260925130100
20260925130200
20260925135000
20260925142100
20260925142200
20260925153600
20260925160000
20260925160100
20260925170000
20260926000100
20260926000200
20260926000300
